1750663672932 1.972141981124878 0
1750663684599 1.0926982164382935 1
1750663700477 0.8104305863380432 2
1750663716087 0.708635687828064 3
1750663724889 0.6474055051803589 4
1750663732948 0.6034548282623291 5
1750663741343 0.5712283253669739 6
1750663749216 0.5458179712295532 7
1750663756992 0.526395857334137 8
1750663765410 0.5108368992805481 9
1750663773843 0.4980393052101135 10
1750663781631 0.4878607988357544 11
1750663789619 0.47712576389312744 12
1750663797411 0.47000330686569214 13
1750663805347 0.46225085854530334 14
1750663813028 0.4551699161529541 15
1750663820933 0.4490794539451599 16
1750663829323 0.4445021152496338 17
1750663837220 0.43966081738471985 18
1750663845286 0.4347940683364868 19
