1750663672927 0.4332916666666667 0
1750663684584 0.6555625 1
1750663700464 0.7074583333333333 2
1750663716074 0.7469583333333333 3
1750663724881 0.7735 4
1750663732941 0.7909375 5
1750663741336 0.802 6
1750663749205 0.813 7
1750663756986 0.8186458333333333 8
1750663765399 0.8232708333333333 9
1750663773837 0.8266041666666667 10
1750663781616 0.8309791666666667 11
1750663789612 0.8341458333333334 12
1750663797406 0.8353958333333333 13
1750663805335 0.8379166666666666 14
1750663813025 0.8403541666666666 15
1750663820919 0.8426875 16
1750663829318 0.8447916666666667 17
1750663837196 0.8450416666666667 18
1750663845276 0.8471875 19
