1750663900467 0.3495 0
1750663915268 0.5712083333333333 1
1750663929223 0.6456041666666666 2
1750663943792 0.6858125 3
1750663958190 0.7139791666666667 4
1750663972770 0.7401666666666666 5
1750663986267 0.7567916666666666 6
1750664000340 0.7686666666666667 7
1750664014374 0.7809583333333333 8
1750664029281 0.7891458333333333 9
1750664044236 0.79575 10
1750664058927 0.8011666666666667 11
1750664074097 0.8080416666666667 12
1750664089307 0.8111041666666666 13
1750664104316 0.8144791666666666 14
1750664119268 0.8202291666666667 15
1750664133976 0.8194375 16
1750664148306 0.8235208333333334 17
1750664162508 0.8254583333333333 18
1750664177275 0.82775 19
