1750663900485 1.9890471696853638 0
1750663915276 1.2391012907028198 1
1750663929238 0.9576521515846252 2
1750663943807 0.8423800468444824 3
1750663958202 0.7798178791999817 4
1750663972779 0.731484055519104 5
1750663986280 0.6920393705368042 6
1750664000353 0.6602336764335632 7
1750664014386 0.6353915333747864 8
1750664029292 0.6094317436218262 9
1750664044252 0.593549370765686 10
1750664058942 0.5730504393577576 11
1750664074113 0.5572324991226196 12
1750664089320 0.5469896197319031 13
1750664104330 0.5351930856704712 14
1750664119280 0.5250849723815918 15
1750664133987 0.5172731280326843 16
1750664148337 0.5093275308609009 17
1750664162538 0.5009166598320007 18
1750664177285 0.4922737777233124 19
